image_width: 960
image_height: 720
camera_name: tello_camera
camera_matrix:
  rows: 3
  cols: 3
  data: [904.73324,   0.     , 471.78577,
           0.     , 904.57827, 337.71485,
           0.     ,   0.     ,   1.     ]
distortion_model: plumb_bob
distortion_coefficients:
  rows: 1
  cols: 5
  data: [-0.017481, 0.044741, 0.001446, -0.005371, 0.000000]
rectification_matrix:
  rows: 3
  cols: 3
  data: [1., 0., 0.,
         0., 1., 0.,
         0., 0., 1.]
projection_matrix:
  rows: 3
  cols: 4
  data: [905.71851,   0.     , 466.54921,   0.     ,
           0.     , 909.09418, 338.32834,   0.     ,
           0.     ,   0.     ,   1.     ,   0.     ]